#
# Peano output file
# Version 0.1
#
format ASCII
dimensions 3
patch-size 5 5 5

begin cell-values "Q"
  number-of-unknowns 23
end cell-values

begin cell-values "time"
  number-of-unknowns 1
end cell-values

begin patch
  offset 17.7778 17.7778 17.7778
  size -17.0371 -17.0371 -17.0371
begin cell-values "Q"
    4.71108e+07 6.91201e-310 1.949e-316 1.949e-316 1.96816e-316 1.94897e-316 2.6469e-316 2.64692e-316 2.64694e-316 1.94887e-316 1.9489e-316 1.94889e-316 1.94886e-316 2.75297e-316 2.75301e-316 2.75299e-316 2.75381e-316 2.75387e-316 2.75384e-316 2.75384e-316 2.75469e-316 2.75468e-316 2.75548e-316 4.71108e+07 2.75608e-316 2.75551e-316 2.75611e-316 2.75613e-316 2.75712e-316 2.75712e-316 2.75716e-316 2.75773e-316 2.75774e-316 2.75438e-316 2.75778e-316 2.7583e-316 2.75914e-316 2.75943e-316 2.75945e-316 2.76022e-316 2.76105e-316 2.76104e-316 2.7605e-316 2.76188e-316 2.76133e-316 2.76134e-316 4.71108e+07 2.76246e-316 2.76255e-316 2.76248e-316 2.76252e-316 2.76305e-316 2.76365e-316 2.76392e-316 2.76391e-316 2.76497e-316 2.76397e-316 2.76524e-316 2.76582e-316 2.76397e-316 2.76396e-316 2.76611e-316 2.7658e-316 2.76689e-316 2.76696e-316 2.76747e-316 2.76752e-316 2.76756e-316 2.76815e-316 6.99011e-77 2.76893e-316 2.76889e-316 2.76925e-316 2.76897e-316 2.76954e-316 2.76924e-316 2.76953e-316 2.77057e-316 2.77085e-316 2.77169e-316 2.77167e-316 2.77168e-316 2.77223e-316 2.7717e-316 2.77308e-316 2.77254e-316 2.77339e-316 2.77338e-316 2.7739e-316 2.77418e-316 2.77419e-316 2.77502e-316 1.358e-153 2.77499e-316 2.77506e-316 2.77557e-316 2.77564e-316 2.77561e-316 2.77616e-316 2.77621e-316 2.7776e-316 2.77758e-316 2.77676e-316 2.77762e-316 2.77763e-316 2.77682e-316 2.77822e-316 2.77818e-316 2.77825e-316 2.77926e-316 2.77821e-316 2.77985e-316 2.77935e-316 2.7793e-316 2.78143e-316 1.63042e-322 2.78018e-316 2.78177e-316 2.78251e-316 2.78259e-316 2.78252e-316 2.7831e-316 2.78318e-316 2.78313e-316 2.78313e-316 2.78393e-316 2.78398e-316 2.78477e-316 2.78401e-316 2.78483e-316 2.78484e-316 2.76785e-316 2.78537e-316 2.7854e-316 2.78544e-316 2.7865e-316 2.78648e-316 2.78656e-316 3.78839e-316 2.78654e-316 2.78624e-316 2.78627e-316 2.78626e-316 2.7863e-316 2.78629e-316 2.78927e-316 2.78931e-316 2.78937e-316 2.78935e-316 2.78969e-316 2.7894e-316 2.7897e-316 2.78975e-316 2.78977e-316 2.78974e-316 2.79185e-316 2.79185e-316 2.79186e-316 2.7919e-316 2.79195e-316 2.79227e-316 0 2.79229e-316 2.79231e-316 2.79234e-316 2.79235e-316 2.79241e-316 2.79237e-316 2.78695e-316 2.78694e-316 2.78697e-316 2.78698e-316 2.78704e-316 2.79763e-316 2.79768e-316 2.79769e-316 2.79696e-316 2.79702e-316 2.7971e-316 2.79705e-316 2.79705e-316 2.79442e-316 2.79443e-316 2.7945e-316 3.78855e-316 2.79455e-316 2.79606e-316 2.7961e-316 2.79613e-316 2.79616e-316 2.7962e-316 2.80188e-316 2.80186e-316 2.8019e-316 2.80197e-316 2.80196e-316 2.79919e-316 2.79923e-316 2.79926e-316 2.79922e-316 2.79934e-316 2.79935e-316 2.80364e-316 2.8037e-316 2.80367e-316 2.80297e-316 2.80376e-316 1.63042e-322 2.80299e-316 2.80303e-316 2.80309e-316 2.80313e-316 2.80312e-316 2.80696e-316 2.80701e-316 2.80695e-316 2.80705e-316 2.80708e-316 2.80433e-316 2.80434e-316 2.80438e-316 2.80445e-316 2.80441e-316 2.81074e-316 2.81079e-316 2.81078e-316 2.81081e-316 2.80734e-316 2.80738e-316 2.8074e-316 3.78871e-316 2.80744e-316 2.80746e-316 2.80751e-316 2.81515e-316 2.81513e-316 2.81354e-316 2.81361e-316 2.81359e-316 2.81364e-316 2.81363e-316 2.81367e-316 2.81664e-316 2.81663e-316 2.81667e-316 2.81797e-316 2.81796e-316 2.818e-316 2.81915e-316 2.81915e-316 2.818e-316 2.81918e-316 2.81855e-316 6.72868e-320 2.81975e-316 2.81977e-316 2.81978e-316 2.81546e-316 2.81547e-316 2.81551e-316 2.81554e-316 2.81554e-316 2.78637e-316 2.81394e-316 2.78646e-316 2.7864e-316 2.82437e-316 2.82444e-316 2.82439e-316 2.82442e-316 2.81402e-316 2.81407e-316 2.8141e-316 2.81405e-316 2.81123e-316 2.81121e-316 8.61137e-43 2.81125e-316 2.81128e-316 2.82738e-316 2.82737e-316 2.82741e-316 2.82645e-316 2.8265e-316 2.82653e-316 2.82653e-316 2.82658e-316 2.82899e-316 2.82893e-316 2.82894e-316 2.83041e-316 2.83047e-316 2.83099e-316 2.83102e-316 2.83103e-316 2.83208e-316 2.83207e-316 2.83214e-316 2.83291e-316 1.63042e-322 2.83294e-316 2.83298e-316 2.82249e-316 2.83351e-316 2.8335e-316 2.83354e-316 2.83355e-316 2.82253e-316 2.83508e-316 2.82262e-316 2.83516e-316 2.83515e-316 2.82974e-316 2.82974e-316 2.82984e-316 2.82982e-316 2.83822e-316 2.82986e-316 2.83822e-316 2.83824e-316 2.8383e-316 2.83889e-316 1.40115e-307 2.83882e-316 2.83939e-316 2.83947e-316 2.83941e-316 2.83624e-316 2.83623e-316 2.83997e-316 2.83616e-316 2.8403e-316 2.84028e-316 2.84229e-316 2.84231e-316 2.8429e-316 2.84288e-316 2.84287e-316 2.84406e-316 2.84413e-316 2.84411e-316 2.84346e-316 2.84463e-316 2.84353e-316 2.84349e-316 0 2.84549e-316 2.84548e-316 2.84679e-316 2.84554e-316 2.8455e-316 2.84709e-316 2.84789e-316 2.84788e-316 2.84845e-316 2.84792e-316 2.84872e-316 2.84872e-316 2.84876e-316 2.84957e-316 2.84878e-316 2.84961e-316 2.84956e-316 2.85121e-316 2.85039e-316 2.85124e-316 2.85123e-316 2.85122e-316 3.7892e-316 2.8533e-316 2.85182e-316 2.85186e-316 2.85271e-316 2.85268e-316 2.85323e-316 2.85328e-316 2.8533e-316 2.85531e-316 2.85464e-316 2.85467e-316 2.85412e-316 2.85522e-316 2.85523e-316 2.85413e-316 2.85631e-316 2.85531e-316 2.85637e-316 2.85525e-316 2.85714e-316 2.85718e-316 2.8572e-316 1.63042e-322 2.85805e-316 2.85883e-316 2.85801e-316 2.85909e-316 2.85913e-316 2.86039e-316 2.86042e-316 2.86074e-316 2.86046e-316 2.86073e-316 2.86101e-316 2.86207e-316 2.8621e-316 2.86212e-316 2.86266e-316 2.86265e-316 2.86269e-316 2.86352e-316 2.86272e-316 2.86433e-316 2.86432e-316 2.86352e-316 1.18059e-307 2.8646e-316 2.86516e-316 2.86548e-316 2.86547e-316 2.86633e-316 2.86632e-316 2.86627e-316 2.86683e-316 2.86711e-316 2.86792e-316 2.86791e-316 2.86795e-316 2.86795e-316 2.86851e-316 2.86855e-316 2.87035e-316 2.86972e-316 2.86854e-316 2.86974e-316 2.87027e-316 2.87034e-316 2.87032e-316 0 2.87116e-316 2.8691e-316 2.86913e-316 2.86916e-316 2.87195e-316 2.87201e-316 2.87198e-316 2.87303e-316 2.87307e-316 2.87335e-316 2.87369e-316 2.87362e-316 2.87517e-316 2.87525e-316 2.87552e-316 2.87519e-316 2.87583e-316 2.87584e-316 2.87581e-316 2.87692e-316 2.8769e-316 2.87743e-316 3.78953e-316 2.87773e-316 2.87826e-316 2.87853e-316 2.87935e-316 2.87934e-316 2.87942e-316 2.87943e-316 2.87993e-316 2.87993e-316 2.87999e-316 2.88076e-316 2.8808e-316 2.88083e-316 2.88227e-316 2.88138e-316 2.88142e-316 2.88142e-316 2.88222e-316 2.88303e-316 2.88302e-316 2.88221e-316 2.88334e-316 1.63042e-322 2.8844e-316 2.88472e-316 2.88439e-316 2.88439e-316 2.885e-316 2.88501e-316 2.88607e-316 2.88606e-316 2.88662e-316 2.88662e-316 2.88666e-316 2.88746e-316 2.88745e-316 2.88749e-316 2.8875e-316 2.88836e-316 2.88832e-316 2.88911e-316 2.88914e-316 2.88973e-316 2.88972e-316 2.89001e-316 1.1241e-307 2.8908e-316 2.89108e-316 2.89165e-316 2.89192e-316 2.89164e-316 2.89191e-316 2.89247e-316 2.89276e-316 2.89275e-316 2.89279e-316 2.89278e-316 2.89334e-316 2.89335e-316 2.89337e-316 2.8947e-316 2.8223e-316 2.8223e-316 2.89463e-316 2.89465e-316 2.89468e-316 2.82233e-316 2.82241e-316 0 2.89643e-316 2.89676e-316 2.89675e-316 2.89671e-316 2.8985e-316 2.8985e-316 2.89859e-316 2.89917e-316 2.89911e-316 2.89912e-316 2.89967e-316 2.8997e-316 2.90026e-316 2.90029e-316 2.90032e-316 2.90033e-316 2.90135e-316 2.90143e-316 2.90141e-316 2.90252e-316 2.90328e-316 2.90356e-316 3.92068e+179 2.90355e-316 2.90358e-316 2.90435e-316 2.90444e-316 2.90441e-316 2.90503e-316 2.905e-316 2.90501e-316 2.90578e-316 2.90587e-316 2.90584e-316 2.90581e-316 2.90745e-316 2.90645e-316 2.90643e-316 2.90804e-316 2.90753e-316 2.90807e-316 2.90813e-316 2.9081e-316 2.90915e-316 2.90809e-316 1.63042e-322 2.91001e-316 2.90974e-316 2.90974e-316 2.91132e-316 2.91135e-316 2.91131e-316 2.91138e-316 2.91195e-316 2.91193e-316 2.91249e-316 2.91253e-316 2.9125e-316 2.91308e-316 2.91337e-316 2.91335e-316 2.91467e-316 2.91473e-316 2.91502e-316 2.9147e-316 2.91529e-316 2.915e-316 2.91607e-316 3.79002e-316 2.91637e-316 2.91668e-316 2.91695e-316 2.91777e-316 2.91775e-316 2.91776e-316 2.91808e-316 2.91803e-316 2.91888e-316 2.91887e-316 2.91944e-316 2.91971e-316 2.91944e-316 2.92029e-316 2.91974e-316 2.92055e-316 2.92135e-316 2.92143e-316 2.92138e-316 2.92194e-316 2.92286e-316 2.92202e-316 3.99467e-315 2.92197e-316 2.92362e-316 2.92284e-316 2.92361e-316 2.9239e-316 2.92393e-316 2.92473e-316 2.9247e-316 2.92476e-316 2.92476e-316 2.92564e-316 2.92536e-316 2.92595e-316 2.92594e-316 2.92595e-316 2.92723e-316 2.92727e-316 2.92778e-316 2.92783e-316 2.92816e-316 2.92786e-316 2.92814e-316 3.92068e+179 2.92844e-316 2.92947e-316 2.92977e-316 2.93029e-316 2.93031e-316 2.93061e-316 2.92977e-316 2.93142e-316 2.93146e-316 2.93222e-316 2.93229e-316 2.93281e-316 2.9328e-316 2.93287e-316 2.93288e-316 2.9334e-316 2.93346e-316 2.93342e-316 2.93343e-316 2.93343e-316 2.9345e-316 2.93532e-316 1.63042e-322 2.93538e-316 2.93591e-316 2.93594e-316 2.93597e-316 2.93649e-316 2.93656e-316 2.93734e-316 2.93733e-316 2.93864e-316 2.93761e-316 2.93891e-316 2.93923e-316 2.9395e-316 2.9395e-316 2.94031e-316 2.93952e-316 2.94032e-316 2.94034e-316 2.94037e-316 2.94039e-316 2.94099e-316 2.94099e-316 3.79035e-316 2.94282e-316 2.94309e-316 2.9431e-316 2.94311e-316 2.94314e-316 2.94316e-316 2.94371e-316 2.9437e-316 2.9445e-316 2.94459e-316 2.94458e-316 2.94453e-316 2.94617e-316 2.94619e-316 2.94618e-316 2.94676e-316 2.94678e-316 2.94681e-316 2.94677e-316 2.94685e-316 2.94735e-316 2.94764e-316 1.8517e-317 2.94767e-316 2.94901e-316 2.94896e-316 2.94897e-316 2.94959e-316 2.94955e-316 2.94958e-316 2.95037e-316 2.95145e-316 2.95066e-316 2.95144e-316 2.95151e-316 2.95203e-316 2.95207e-316 2.9521e-316 2.95261e-316 2.95266e-316 2.9527e-316 2.95265e-316 2.95409e-316 2.95412e-316 2.95407e-316 3.92068e+179 2.95354e-316 2.95348e-316 2.95353e-316 2.95466e-316 2.95522e-316 2.95527e-316 2.95531e-316 2.95529e-316 2.95689e-316 2.95683e-316 2.95743e-316 2.95747e-316 2.95742e-316 2.95746e-316 2.95745e-316 2.95876e-316 2.95879e-316 2.95983e-316 2.95988e-316 2.95987e-316 2.9604e-316 2.96067e-316 1.63042e-322 2.96151e-316 2.9615e-316 2.96182e-316 2.96154e-316 2.9621e-316 2.96214e-316 2.96372e-316 2.96315e-316 2.96373e-316 2.96379e-316 2.96406e-316 2.96433e-316 2.96515e-316 2.96513e-316 2.96514e-316 2.9654e-316 2.96544e-316 2.96625e-316 2.96624e-316 2.96628e-316 2.96708e-316 2.96712e-316 3.79068e-316 2.96792e-316 2.96849e-316 2.96848e-316 2.96848e-316 2.96875e-316 2.9688e-316 2.96959e-316 2.96965e-316 2.96962e-316 2.97041e-316 2.97042e-316 2.97074e-316 2.97101e-316 2.97206e-316 2.97104e-316 2.97105e-316 2.97209e-316 2.97213e-316 2.97265e-316 2.97266e-316 2.97273e-316 2.97327e-316 1.8517e-317 2.97328e-316 2.97433e-316 2.97517e-316 2.97515e-316 2.97544e-316 2.97547e-316 2.97599e-316 2.976e-316 2.97626e-316 2.97707e-316 2.97708e-316 2.97743e-316 2.97715e-316 2.97774e-316 2.97773e-316 2.97769e-316 2.97877e-316 2.97934e-316 2.97933e-316 2.97937e-316 2.97937e-316 2.97968e-316 0 2.97999e-316 2.98126e-316 2.98126e-316 2.9813e-316 2.9816e-316 2.98129e-316 2.98293e-316 2.98266e-316 2.983e-316 2.98293e-316 2.98296e-316 2.98327e-316 2.98358e-316 2.98355e-316 2.9846e-316 2.98463e-316 2.98493e-316 2.986e-316 2.98521e-316 2.98521e-316 2.98631e-316 2.98658e-316 1.63042e-322 2.98742e-316 2.98689e-316 2.9877e-316 2.98775e-316 2.98825e-316 2.98853e-316 2.98852e-316 2.98912e-316 2.98943e-316 2.99019e-316 2.99017e-316 2.99018e-316 2.9905e-316 2.99104e-316 2.99044e-316 2.99103e-316 2.99163e-316 2.99161e-316 2.99168e-316 2.99166e-316 2.99269e-316 2.99302e-316 0 2.9933e-316 2.99335e-316 2.99332e-316 2.99438e-316 2.99444e-316 2.9944e-316 2.99495e-316 2.99527e-316 2.99524e-316 2.99525e-316 2.99635e-316 2.99661e-316 2.99688e-316 2.99691e-316 2.99692e-316 2.99693e-316 2.99853e-316 2.99746e-316 2.99747e-316 2.99912e-316 2.99886e-316 2.99881e-316 0 2.99945e-316 2.9994e-316 2.99941e-316 3.00025e-316 3.00028e-316 3.00081e-316 3.00109e-316 3.00112e-316 3.00214e-316 3.00218e-316 3.00221e-316 3.0028e-316 3.00279e-316 3.00336e-316 3.00437e-316 3.00334e-316 3.00464e-316 3.00465e-316 3.0047e-316 3.00524e-316 3.0058e-316 3.00526e-316 0 3.00527e-316 3.00613e-316 3.00609e-316 3.00697e-316 3.00697e-316 3.00774e-316 3.00775e-316 3.00781e-316 3.00833e-316 3.00834e-316 3.00839e-316 3.00917e-316 3.00974e-316 3.0092e-316 3.00922e-316 3.01032e-316 3.00976e-316 3.00981e-316 3.01063e-316 3.01064e-316 3.01192e-316 3.01198e-316 1.63042e-322 3.01251e-316 3.01332e-316 3.01257e-316 3.01254e-316 3.01416e-316 3.01365e-316 3.01363e-316 3.01524e-316 3.01443e-316 3.01592e-316 3.01526e-316 3.01532e-316 3.0153e-316 3.01666e-316 3.01588e-316 3.01694e-316 3.0175e-316 3.01696e-316 3.01697e-316 3.01781e-316 3.01833e-316 3.01834e-316 0 3.01944e-316 3.01867e-316 3.01944e-316 3.0195e-316 3.01978e-316 3.02009e-316 3.02007e-316 3.02136e-316 3.02192e-316 3.02192e-316 3.02201e-316 3.02198e-316 3.02226e-316 3.02254e-316 3.0226e-316 3.02257e-316 3.02361e-316 3.02419e-316 3.02362e-316 3.02426e-316 3.02417e-316 3.02426e-316 0 3.02538e-316 3.02594e-316 3.02597e-316 3.026e-316 3.02676e-316 3.02476e-316 3.0268e-316 3.02477e-316 3.02485e-316 3.0248e-316 3.02762e-316 3.02763e-316 3.02764e-316 3.02851e-316 3.02849e-316 3.02901e-316 3.02929e-316 3.0306e-316 3.03058e-316 3.03059e-316 3.0309e-316 3.03092e-316 0 3.03167e-316 3.0317e-316 3.03225e-316 3.03229e-316 3.03232e-316 3.03291e-316 3.03288e-316 3.03343e-316 3.03346e-316 3.03349e-316 3.03349e-316 3.03484e-316 3.03454e-316 3.03511e-316 3.0351e-316 2.8938e-316 2.89386e-316 2.89385e-316 2.89381e-316 2.89382e-316 2.89374e-316 3.03839e-316 1.63042e-322 3.03844e-316 3.03922e-316 3.03618e-316 3.03925e-316 3.03926e-316 3.04004e-316 3.0401e-316 3.04088e-316 3.04094e-316 3.04091e-316 3.04171e-316 3.0362e-316 3.04174e-316 3.04344e-316 3.04257e-316 3.04259e-316 3.04337e-316 3.04336e-316 3.04342e-316 3.04422e-316 3.04424e-316 3.0442e-316 0 3.03621e-316 3.0451e-316 3.03623e-316 3.03624e-316 3.03633e-316 3.03626e-316 3.04561e-316 3.0467e-316 3.04669e-316 3.04697e-316 3.04702e-316 3.04698e-316 3.04854e-316 3.04911e-316 3.04859e-316 3.04943e-316 3.0491e-316 3.04942e-316 3.05018e-316 3.05024e-316 3.05025e-316 3.05085e-316 0 3.05135e-316 3.05139e-316 3.05141e-316 3.05219e-316 3.05223e-316 3.05328e-316 3.05327e-316 3.05226e-316 3.05387e-316 3.05335e-316 3.05419e-316 3.05417e-316 3.05418e-316 3.05522e-316 3.05555e-316 3.05528e-316 3.05582e-316 3.05585e-316 3.05585e-316 3.05694e-316 3.05693e-316 3.05689e-316 0 3.05807e-316 3.05752e-316 3.05835e-316 3.05805e-316 3.05806e-316 3.05912e-316 3.0594e-316 3.05996e-316 3.06029e-316 3.0608e-316 3.06028e-316 3.06028e-316 3.0611e-316 3.06189e-316 3.06188e-316 3.06249e-316 3.06247e-316 3.06305e-316 3.0625e-316 3.0631e-316 3.06251e-316 3.06306e-316 1.63042e-322 3.06393e-316 3.06396e-316 3.06449e-316 3.06449e-316 3.06456e-316 3.06453e-316 3.066e-316 3.06595e-316 3.06533e-316 3.0654e-316 3.06538e-316 3.0665e-316 3.06651e-316 3.06679e-316 3.06861e-316 3.06949e-316 3.06863e-316 3.06915e-316 3.06916e-316 3.06945e-316 3.06999e-316 3.07024e-316 0 3.07175e-316 3.07092e-316 3.0709e-316 3.07086e-316 3.07259e-316 3.0717e-316 3.07225e-316 3.07226e-316 3.07257e-316 3.07333e-316 3.07335e-316 3.07365e-316 3.07444e-316 3.07447e-316 3.0745e-316 3.07478e-316 3.07477e-316 3.07508e-316 3.0761e-316 3.07618e-316 3.07617e-316 3.07613e-316 0 3.07677e-316 3.07672e-316 3.07672e-316 3.07759e-316 3.07812e-316 3.07839e-316 3.07841e-316 3.07843e-316 3.07948e-316 3.07948e-316 3.08003e-316 3.08004e-316 3.08007e-316 3.08088e-316 3.08086e-316 3.08091e-316 3.08145e-316 3.08153e-316 3.08148e-316 3.08254e-316 3.08258e-316 3.0826e-316 0 3.0842e-316 3.08319e-316 3.08419e-316 3.08419e-316 3.08448e-316 3.08501e-316 3.08505e-316 3.08561e-316 3.0856e-316 3.08564e-316 3.08564e-316 3.08647e-316 3.0865e-316 3.0865e-316 3.08751e-316 3.08758e-316 3.0876e-316 3.08815e-316 3.08812e-316 3.08818e-316 3.089e-316 3.08955e-316 1.63042e-322 3.08958e-316 3.08961e-316 3.0896e-316 3.09016e-316 3.09018e-316 3.09145e-316 3.09152e-316 3.09149e-316 3.09229e-316 3.09261e-316 3.09235e-316 3.09235e-316 3.09295e-316 3.09291e-316 3.09294e-316 3.09428e-316 3.09399e-316 3.09462e-316 3.09454e-316 3.09455e-316 3.09562e-316 3.09461e-316 0 3.09621e-316 3.0968e-316 3.09678e-316 3.09706e-316 3.09712e-316 3.09811e-316 3.09814e-316 3.09847e-316 3.09819e-316 3.09819e-316 3.09879e-316 3.09954e-316 3.09876e-316 3.09981e-316 3.09984e-316 3.10064e-316 3.10069e-316 3.1007e-316 3.10096e-316 3.10124e-316 3.10128e-316 3.10237e-316 0 3.10287e-316 3.10315e-316 3.10319e-316 3.1032e-316 3.104e-316 3.10431e-316 3.10403e-316 3.1043e-316 3.10458e-316 3.10567e-316 3.10565e-316 3.1057e-316 3.10462e-316 3.10568e-316 3.10704e-316 3.10625e-316 3.10737e-316 3.10732e-316 3.10788e-316 3.10793e-316 3.10795e-316 3.10854e-316 0 3.10854e-316 3.11046e-316 3.11012e-316 3.10981e-316 3.1104e-316 3.11097e-316 3.11096e-316 3.11124e-316 3.11123e-316 3.11126e-316 3.11207e-316 3.11263e-316 3.1121e-316 3.11291e-316 3.11346e-316 3.11375e-316 3.11296e-316 3.11431e-316 3.1129e-316 3.11431e-316 3.11374e-316 3.1146e-316 1.63042e-322 3.11597e-316 3.11541e-316 3.11545e-316 3.11628e-316 3.11625e-316 3.11705e-316 3.11708e-316 3.11713e-316 3.11764e-316 3.11772e-316 3.11823e-316 3.11826e-316 3.11831e-316 3.11906e-316 3.11909e-316 3.11912e-316 3.11914e-316 3.11998e-316 3.11995e-316 3.11995e-316 3.12125e-316 3.12159e-316 0 3.12185e-316 3.12185e-316 3.12289e-316 3.12292e-316 3.12296e-316 3.12349e-316 3.12351e-316 3.12355e-316 3.12408e-316 3.12409e-316 3.12518e-316 3.12516e-316 3.12543e-316 3.12601e-316 3.12546e-316 3.126e-316 3.1263e-316 3.12708e-316 3.12711e-316 3.12714e-316 3.12741e-316 3.12743e-316 0 3.12849e-316 3.12879e-316 3.12875e-316 3.12882e-316 3.12939e-316 3.12942e-316 3.12993e-316 3.12996e-316 3.13e-316 3.13078e-316 3.13077e-316 3.13082e-316 3.13083e-316 3.13164e-316 3.13167e-316 3.1322e-316 3.13223e-316 3.13226e-316 3.13357e-316 3.13327e-316 3.13355e-316 3.13356e-316 0 3.13464e-316 3.13468e-316 3.13496e-316 3.13527e-316 3.13496e-316 3.13604e-316 3.13631e-316 3.13634e-316 3.13715e-316 3.13714e-316 3.13718e-316 3.13718e-316 3.13856e-316 3.13883e-316 3.13882e-316 3.13885e-316 3.13967e-316 3.1397e-316 3.14022e-316 3.14023e-316 3.14049e-316 3.14052e-316 1.63042e-322 3.14133e-316 3.14136e-316 3.14214e-316 3.14217e-316 3.14219e-316 3.14273e-316 3.14276e-316 3.14279e-316 3.14355e-316 3.14359e-316 3.14392e-316 3.14362e-316 3.1439e-316 3.1442e-316 3.14524e-316 3.14551e-316 3.14553e-316 3.14554e-316 3.14689e-316 3.14632e-316 3.14637e-316 3.14694e-316 0 3.14749e-316 3.14756e-316 3.14753e-316 3.14755e-316 3.14752e-316 3.14814e-316 3.1481e-316 3.14923e-316 3.14923e-316 3.1495e-316 3.14918e-316 3.14919e-316 3.15132e-316 3.15133e-316 3.15135e-316 3.15135e-316 3.15224e-316 3.15195e-316 3.15251e-316 3.15257e-316 3.1525e-316 3.15333e-316 0 3.15362e-316 3.15473e-316 3.15471e-316 3.15526e-316 3.1553e-316 3.15532e-316 3.15528e-316 3.15616e-316 3.15613e-316 3.15644e-316 3.15643e-316 3.15774e-316 3.15675e-316 3.15671e-316 3.15802e-316 3.15807e-316 3.1586e-316 3.15918e-316 3.15864e-316 3.15866e-316 3.15916e-316 3.15947e-316 0 3.16108e-316 3.16033e-316 3.16135e-316 3.16136e-316 3.16142e-316 3.16195e-316 3.16251e-316 3.16197e-316 3.16197e-316 3.16252e-316 3.16309e-316 3.16313e-316 3.16316e-316 3.16315e-316 3.16396e-316 3.16393e-316 3.16401e-316 3.16455e-316 3.16461e-316 3.16458e-316 3.16612e-316 3.16618e-316 1.63042e-322 3.16668e-316 3.16752e-316 3.16751e-316 3.16674e-316 3.16755e-316 3.16754e-316 3.16844e-316 3.16838e-316 3.16919e-316 3.16922e-316 3.16978e-316 3.16925e-316 3.16981e-316 3.17037e-316 3.16984e-316 3.1704e-316 3.17045e-316 3.17039e-316 3.17123e-316 3.1718e-316 3.17129e-316 3.17126e-316 0 3.17337e-316 3.17364e-316 3.17364e-316 3.17337e-316 3.17448e-316 3.17452e-316 3.17453e-316 3.17531e-316 3.17454e-316 3.17531e-316 3.17538e-316 3.17535e-316 3.17591e-316 3.17597e-316 3.17756e-316 3.1768e-316 3.17783e-316 3.17839e-316 3.17786e-316 3.17788e-316 3.17789e-316 3.17874e-316 0 3.17953e-316 3.17956e-316 3.17956e-316 3.18036e-316 3.18039e-316 3.18117e-316 3.18148e-316 3.18116e-316 3.18201e-316 3.18233e-316 3.18228e-316 3.18232e-316 3.18231e-316 3.18368e-316 3.18395e-316 3.18395e-316 3.18367e-316 3.18399e-316 3.18484e-316 3.18479e-316 3.18483e-316 3.18543e-316 0 3.18542e-316 3.18538e-316 3.18728e-316 3.18623e-316 3.18624e-316 3.18762e-316 3.18733e-316 3.18735e-316 3.18761e-316 3.18761e-316 3.18872e-316 3.18977e-316 3.18901e-316 3.19005e-316 3.19061e-316 3.19011e-316 3.19064e-316 3.19069e-316 3.19123e-316 3.19128e-316 3.19126e-316 3.19127e-316 0 3.1923e-316 3.19234e-316 3.19264e-316 3.19296e-316 3.19291e-316 3.19398e-316 3.19397e-316 3.19292e-316 3.19505e-316 3.19512e-316 3.19538e-316 3.19565e-316 3.19569e-316 3.1957e-316 3.19623e-316 3.1973e-316 3.19653e-316 3.19758e-316 3.1973e-316 3.19759e-316 3.19814e-316 3.19815e-316 1.63042e-322 3.19821e-316 3.19874e-316 3.19902e-316 3.20007e-316 3.20038e-316 3.20006e-316 3.20066e-316 3.20122e-316 3.2015e-316 3.20156e-316 3.20153e-316 3.20209e-316 3.20239e-316 3.20315e-316 3.20238e-316 3.20343e-316 3.20372e-316 3.20347e-316 3.20345e-316 3.20398e-316 3.20405e-316 3.20483e-316 0 3.20489e-316 3.20569e-316 3.20487e-316 3.20567e-316 3.20651e-316 3.20654e-316 3.20734e-316 3.20733e-316 3.20734e-316 3.20736e-316 3.20818e-316 3.20821e-316 3.20824e-316 3.20824e-316 3.20876e-316 3.2088e-316 3.20938e-316 3.20936e-316 3.21045e-316 3.20935e-316 3.21076e-316 3.21103e-316 0 3.21234e-316 3.21105e-316 3.21235e-316 3.21236e-316 3.21239e-316 3.21294e-316 3.21301e-316 3.21298e-316 3.21299e-316 3.21355e-316 3.21357e-316 3.21412e-316 3.21413e-316 3.21441e-316 3.21594e-316 3.21601e-316 3.2163e-316 3.21629e-316 3.21597e-316 3.21659e-316 3.21737e-316 3.21765e-316 0 3.21821e-316 3.21853e-316 3.21849e-316 3.21852e-316 3.21931e-316 3.21964e-316 3.21936e-316 3.21991e-316 3.22073e-316 3.21994e-316 3.22071e-316 3.22101e-316 3.22155e-316 3.22183e-316 3.22186e-316 3.22186e-316 3.22321e-316 3.22269e-316 3.22346e-316 3.22347e-316 3.22407e-316 3.22406e-316 0 3.22409e-316 3.22465e-316 3.22469e-316 3.22472e-316 3.22468e-316 3.22631e-316 3.22549e-316 3.22554e-316 3.2269e-316 3.22638e-316 3.22634e-316 3.22635e-316 3.22718e-316 3.22823e-316 3.22831e-316 3.22826e-316 3.22908e-316 3.22909e-316 3.22913e-316 3.22967e-316 3.22973e-316 3.22969e-316 1.63042e-322 3.23156e-316 3.23078e-316 3.23158e-316 3.23191e-316 3.2319e-316 3.23191e-316 3.23216e-316 3.23217e-316 3.23325e-316 3.23325e-316 3.2333e-316 3.2333e-316 3.23416e-316 3.23391e-316 3.23389e-316 3.2339e-316 3.23449e-316 3.2358e-316 3.23609e-316 3.23637e-316 3.23636e-316 3.23641e-316 0 3.23743e-316 3.23748e-316 3.23827e-316 3.23799e-316 3.23832e-316 3.23883e-316 3.23915e-316 3.23968e-316 3.23966e-316 3.23911e-316 3.23995e-316 3.23999e-316 3.24082e-316 3.24081e-316 3.24075e-316 3.24109e-316 3.24218e-316 3.24136e-316 3.2425e-316 3.24244e-316 3.24249e-316 3.24333e-316 0 3.24383e-316 3.24387e-316 3.2439e-316 3.24467e-316 3.24475e-316 3.2447e-316 3.24474e-316 3.24559e-316 3.24558e-316 3.2461e-316 3.24613e-316 3.24753e-316 3.24752e-316 3.2476e-316 3.24755e-316 3.24756e-316 3.24819e-316 3.24816e-316 3.24817e-316 3.24671e-316 3.24871e-316 3.24676e-316 0 3.25053e-316 3.25052e-316 3.24902e-316 3.25083e-316 3.25161e-316 3.2516e-316 3.25169e-316 3.25194e-316 3.25195e-316 3.25304e-316 3.25303e-316 3.25227e-316 3.25335e-316 3.25416e-316 3.25386e-316 3.25415e-316 3.25496e-316 3.25528e-316 3.25499e-316 3.25555e-316 3.25555e-316 3.25558e-316 0 3.25638e-316 3.25641e-316 3.25697e-316 3.257e-316 3.25703e-316 3.25814e-316 3.25754e-316 3.25817e-316 3.25821e-316 3.25822e-316 3.25896e-316 3.25898e-316 3.25758e-316 3.25904e-316 3.26007e-316 3.2601e-316 3.26012e-316 3.26064e-316 3.26066e-316 3.26097e-316 3.26094e-316 3.26305e-316 1.63042e-322 3.26306e-316 3.26306e-316 3.26363e-316 3.26309e-316 3.26365e-316 3.26368e-316 3.26423e-316 3.26431e-316 3.26427e-316 3.26488e-316 3.26639e-316 3.26486e-316 3.26489e-316 3.2649e-316 3.26669e-316 3.26725e-316 3.26668e-316 3.26727e-316 3.26784e-316 3.26783e-316 3.26786e-316 3.26867e-316 0 3.26866e-316 3.26866e-316 3.27007e-316 3.26978e-316 3.27035e-316 3.27115e-316 3.27034e-316 3.27142e-316 3.272e-316 3.27199e-316 3.27226e-316 3.27283e-316 3.27282e-316 3.2723e-316 3.27366e-316 3.27311e-316 3.27393e-316 3.27394e-316 3.27396e-316 3.27477e-316 3.2748e-316 3.27533e-316 0 3.27564e-316 3.27565e-316 3.27643e-316 3.27725e-316 3.27644e-316 3.27648e-316 3.27759e-316 3.27733e-316 3.27728e-316 3.27868e-316 3.27867e-316 3.27867e-316 3.27898e-316 3.27895e-316 3.27975e-316 3.27978e-316 3.28038e-316 3.28041e-316 3.28037e-316 3.28121e-316 3.28125e-316 3.28123e-316 0 3.28201e-316 3.28207e-316 3.28208e-316 3.28262e-316 3.28368e-316 3.28371e-316 3.28374e-316 3.28265e-316 3.28267e-316 3.28458e-316 3.28456e-316 3.28536e-316 3.28592e-316 3.28454e-316 3.28539e-316 3.28539e-316 3.28624e-316 3.28677e-316 3.28709e-316 3.28705e-316 3.28811e-316 3.28815e-316 1.63042e-322 3.2887e-316 3.28876e-316 3.28954e-316 3.28958e-316 3.28957e-316 3.28953e-316 3.29041e-316 3.29038e-316 3.2912e-316 3.29125e-316 3.29178e-316 3.29177e-316 3.29209e-316 3.29261e-316 3.29288e-316 3.29293e-316 3.29092e-316 3.29368e-316 3.29093e-316 3.29377e-316 3.29375e-316 3.29372e-316 1.63042e-322 3.2951e-316 3.29511e-316 3.29516e-316 3.29569e-316 3.29569e-316 3.29572e-316 3.29629e-316 3.29632e-316 3.29628e-316 3.29747e-316 3.29754e-316 3.2975e-316 3.29752e-316 3.29855e-316 3.29858e-316 3.29858e-316 3.29938e-316 3.29941e-316 3.29688e-316 3.29689e-316 3.29694e-316 3.30022e-316 0 3.30029e-316 3.30024e-316 3.30182e-316 3.30183e-316 3.30187e-316 3.30296e-316 3.30241e-316 3.30242e-316 3.3033e-316 3.30328e-316 3.30324e-316 3.30325e-316 3.30432e-316 3.30514e-316 3.30517e-316 3.30519e-316 3.30573e-316 3.30572e-316 3.30658e-316 3.30685e-316 3.30657e-316 3.30765e-316 0 3.30765e-316 3.30792e-316 3.30876e-316 3.30797e-316 3.30878e-316 3.30932e-316 3.30939e-316 3.30966e-316 3.30935e-316 3.30965e-316 3.30993e-316 3.30998e-316 3.31126e-316 3.31129e-316 3.31181e-316 3.31186e-316 3.31189e-316 3.31241e-316 3.31241e-316 3.31244e-316 3.31248e-316 3.31303e-316 0 3.31306e-316 3.31414e-316 3.31415e-316 3.31516e-316 3.31544e-316 3.31547e-316 3.31548e-316 3.31601e-316 3.31684e-316 3.31683e-316 3.31715e-316 3.3171e-316 3.31796e-316 3.31795e-316 3.31851e-316 3.31768e-316 3.31932e-316 3.3185e-316 3.31878e-316 3.32016e-316 3.31961e-316 3.31962e-316 0 3.3202e-316 3.32021e-316 3.32083e-316 3.32077e-316 3.32191e-316 3.32185e-316 3.3219e-316 3.03712e-316 3.03652e-316 3.03713e-316 3.03658e-316 3.03655e-316 3.03664e-316 3.03665e-316 3.03634e-316 3.03639e-316 3.0364e-316 3.03644e-316 3.03644e-316 3.326e-316 3.32602e-316 3.3261e-316 1.63042e-322 3.32616e-316 3.32743e-316 3.32746e-316 3.32745e-316 3.32751e-316 3.32755e-316 3.32755e-316 3.32883e-316 3.32884e-316 3.32891e-316 3.33111e-316 3.32896e-316 3.32894e-316 3.33118e-316 3.33121e-316 3.33251e-316 3.33126e-316 3.3326e-316 3.33257e-316 3.33258e-316 3.33395e-316 3.334e-316 0 3.33453e-316 3.33458e-316 3.3346e-316 3.33544e-316 3.33539e-316 3.3331e-316 3.33313e-316 3.33316e-316 3.33538e-316 3.33669e-316 3.33675e-316 3.33776e-316 3.33777e-316 3.33783e-316 3.33044e-316 3.33045e-316 3.33048e-316 3.33061e-316 3.33052e-316 3.33835e-316 3.33837e-316 3.33838e-316 0 3.34086e-316 3.34085e-316 3.34091e-316 3.34092e-316 3.34218e-316 3.34222e-316 3.3402e-316 3.34023e-316 3.34026e-316 3.34026e-316 3.34029e-316 3.34033e-316 3.34308e-316 3.34306e-316 3.34305e-316 3.34464e-316 3.34518e-316 3.34464e-316 3.34525e-316 3.34524e-316 3.03694e-316 3.3452e-316 0 3.34602e-316 3.03701e-316 3.037e-316 3.03701e-316 3.03708e-316 3.34757e-316 3.34759e-316 3.3476e-316 3.34764e-316 3.34918e-316 3.35024e-316 3.35023e-316 3.35022e-316 3.35055e-316 3.35106e-316 3.35107e-316 3.35137e-316 3.35138e-316 3.35218e-316 3.35221e-316 3.35273e-316 3.35276e-316 0 3.35333e-316 3.35332e-316 3.35335e-316 3.35419e-316 3.35392e-316 3.35391e-316 3.35424e-316 3.35551e-316 3.35584e-316 3.35582e-316 3.35616e-316 3.35613e-316 3.35611e-316 3.3569e-316 3.35721e-316 3.35804e-316 3.35808e-316 3.35805e-316 3.35882e-316 3.35887e-316 3.35918e-316 3.3589e-316 1.63042e-322 3.35948e-316 3.36027e-316 3.36054e-316 3.36057e-316 3.36058e-316 3.36136e-316 3.3614e-316 3.36194e-316 3.36194e-316 3.36199e-316 3.36252e-316 3.36252e-316 3.36283e-316 3.36284e-316 3.36388e-316 3.36391e-316 3.36468e-316 3.36472e-316 3.36505e-316 3.36503e-316 3.36531e-316 3.3653e-316 0 3.36535e-316 3.36643e-316 3.36695e-316 3.36641e-316 3.36845e-316 3.36753e-316 3.36754e-316 3.36759e-316 3.36837e-316 3.36919e-316 3.36921e-316 3.3692e-316 3.36928e-316 3.36922e-316 3.37005e-316 3.37086e-316 3.37007e-316 3.3701e-316 3.3712e-316 3.3709e-316 3.37091e-316 3.37154e-316 0 3.3728e-316 3.37286e-316 3.37285e-316 3.37338e-316 3.37344e-316 3.3742e-316 3.3742e-316 3.3745e-316 3.37452e-316 3.37453e-316 3.37536e-316 3.37611e-316 3.37639e-316 3.37671e-316 3.37645e-316 3.37697e-316 3.37698e-316 3.37642e-316 3.37781e-316 3.37788e-316 3.37785e-316 3.37841e-316 0 3.3784e-316 3.37954e-316 3.38006e-316 3.37948e-316 3.38005e-316 3.38036e-316 3.38037e-316 3.38122e-316 3.38115e-316 3.38121e-316 3.38174e-316 3.38174e-316 3.38283e-316 3.38288e-316 3.38287e-316 3.38282e-316 3.38347e-316 3.38338e-316 3.38373e-316 3.38342e-316 3.38404e-316 3.3853e-316 1.63042e-322 3.38533e-316 3.38565e-316 3.38566e-316 3.38591e-316 3.38673e-316 3.38701e-316 3.38699e-316 3.38703e-316 3.38788e-316 3.38787e-316 3.38783e-316 3.38846e-316 3.38923e-316 3.38924e-316 3.3893e-316 3.38844e-316 3.38842e-316 3.39014e-316 3.39091e-316 3.3909e-316 3.3909e-316 3.39174e-316 0 3.39174e-316 3.3918e-316 3.39232e-316 3.39339e-316 3.39239e-316 3.39235e-316 3.39373e-316 3.39345e-316 3.39347e-316 3.39506e-316 3.39505e-316 3.39404e-316 3.39565e-316 3.39509e-316 3.39515e-316 3.39573e-316 3.39652e-316 3.3965e-316 3.39654e-316 3.39651e-316 3.39733e-316 3.39765e-316 0 3.39764e-316 3.39925e-316 3.39873e-316 3.39871e-316 3.39982e-316 3.4001e-316 3.40009e-316 3.39954e-316 3.4001e-316 3.40014e-316 3.40174e-316 3.40096e-316 3.40205e-316 3.40204e-316 3.40208e-316 3.4026e-316 3.40261e-316 3.40263e-316 3.40267e-316 3.40321e-316 3.40325e-316 3.40427e-316 0 3.40458e-316 3.40539e-316 3.40535e-316 3.40543e-316 3.4057e-316 3.40597e-316 3.406e-316 3.40601e-316 3.4071e-316 3.40763e-316 3.40707e-316 3.40794e-316 3.40763e-316 3.40769e-316 3.40824e-316 3.40826e-316 3.40826e-316 3.40932e-316 3.40931e-316 3.41012e-316 3.41011e-316 3.4102e-316 0 3.41099e-316 3.41132e-316 3.4113e-316 3.41162e-316 3.41161e-316 3.41161e-316 3.41287e-316 3.41294e-316 3.41347e-316 3.41346e-316 3.41354e-316 3.4135e-316 3.41353e-316 3.41353e-316 3.41513e-316 3.41547e-316 3.41597e-316 3.41597e-316 3.41631e-316 3.41626e-316 3.41624e-316 3.41625e-316 1.63042e-322 3.41683e-316 3.41821e-316 3.41873e-316 3.419e-316 3.41901e-316 3.41907e-316 3.41903e-316 3.41961e-316 3.41962e-316 3.41965e-316 3.42043e-316 3.42045e-316 3.42041e-316 3.42049e-316 3.4213e-316 3.42133e-316 3.42161e-316 3.4216e-316 3.42191e-316 3.42292e-316 3.42294e-316 3.42325e-316 1.63042e-322 3.42404e-316 3.42407e-316 3.42488e-316 3.42461e-316 3.4246e-316 3.42492e-316 3.42573e-316 3.42653e-316 3.42576e-316 3.42652e-316 3.42656e-316 3.42717e-316 3.42715e-316 3.42688e-316 3.42687e-316 3.42795e-316 3.42825e-316 3.42826e-316 3.42907e-316 3.42939e-316 3.42938e-316 3.42938e-316 0 3.43046e-316 3.43047e-316 3.43077e-316 3.43078e-316 3.43154e-316 3.43158e-316 3.43212e-316 3.43295e-316 3.43297e-316 3.43296e-316 3.43354e-316 3.433e-316 3.43355e-316 3.43356e-316 3.43362e-316 3.43439e-316 3.43446e-316 3.43548e-316 3.43547e-316 3.43554e-316 3.43554e-316 3.43606e-316 0 3.43634e-316 3.43635e-316 3.43743e-316 3.43774e-316 3.43773e-316 3.43805e-316 3.438e-316 3.43882e-316 3.43963e-316 3.43881e-316 3.43913e-316 3.43912e-316 3.43997e-316 3.43993e-316 3.44056e-316 3.44133e-316 3.44055e-316 3.4416e-316 3.44162e-316 3.44163e-316 3.44244e-316 3.44325e-316 0 3.44326e-316 3.44329e-316 3.4433e-316 3.44388e-316 3.44387e-316 3.44491e-316 3.44499e-316 3.44498e-316 3.44494e-316 3.44557e-316 3.44558e-316 3.44553e-316 3.44553e-316 3.44638e-316 3.44641e-316 3.44723e-316 3.44721e-316 3.44829e-316 3.44802e-316 3.44801e-316 3.44885e-316 3.44913e-316 3.44912e-316 3.44994e-316 3.44992e-316 3.44996e-316 3.44997e-316 3.45052e-316 3.45054e-316 3.45135e-316 3.45143e-316 3.45138e-316 3.45195e-316 3.45276e-316 3.45197e-316 3.45202e-316 3.45201e-316 3.4528e-316 3.45282e-316 3.45468e-316 3.45343e-316 3.45469e-316 3.45476e-316 3.45472e-316 3.45473e-316 3.45635e-316 3.45535e-316 3.45641e-316 3.45644e-316 3.45532e-316 3.4564e-316 3.45702e-316 3.45699e-316 3.45811e-316 3.4581e-316 3.4581e-316 3.45864e-316 3.4592e-316 3.45862e-316 3.45867e-316 3.46028e-316 3.45952e-316 3.46055e-316 3.46054e-316 3.4614e-316 3.46142e-316 3.46141e-316 3.46144e-316 3.46145e-316 3.46279e-316 3.46306e-316 3.46309e-316 3.46306e-316 3.46311e-316 3.46311e-316 3.46393e-316 3.46396e-316 3.46392e-316 3.4648e-316 3.46476e-316 3.4658e-316 3.46588e-316 3.46583e-316 3.46585e-316 3.46643e-316 3.46641e-316 3.46699e-316 3.46728e-316 3.46731e-316 3.46727e-316 3.46808e-316 3.46835e-316 3.46891e-316 3.46973e-316 3.46918e-316 3.46919e-316 3.47003e-316 3.47006e-316 3.47033e-316 3.4714e-316 3.47139e-316 3.47061e-316 3.47061e-316 3.4717e-316 3.47169e-316 3.47283e-316 3.47281e-316 3.47282e-316 3.4739e-316 3.47308e-316 3.47309e-316 3.47396e-316 3.47391e-316 3.47398e-316 3.47456e-316 3.4756e-316 3.47566e-316 3.47563e-316 3.47564e-316 3.47642e-316 3.47643e-316 3.47646e-316 3.47707e-316 3.47699e-316 3.47702e-316 3.47782e-316 3.47866e-316 3.47865e-316 3.47874e-316 3.47869e-316 3.47899e-316 3.47928e-316 3.48033e-316 3.48062e-316 3.48033e-316 3.48061e-316 3.48145e-316 3.48149e-316 3.48176e-316 3.48144e-316 3.48202e-316 3.48285e-316 3.48284e-316 3.48206e-316 3.48367e-316 3.48366e-316 3.48314e-316 3.48398e-316 3.48399e-316 3.48478e-316 3.48481e-316 3.48482e-316 3.48616e-316 3.48565e-316 3.48643e-316 3.4865e-316 3.48649e-316 3.48645e-316 3.48708e-316 3.48706e-316 3.48704e-316 3.48709e-316 3.48705e-316 3.48844e-316 3.48847e-316 3.48952e-316 3.48956e-316 3.48959e-316 3.48851e-316 3.49011e-316 3.4885e-316 3.49096e-316 3.49095e-316 3.49097e-316 3.49098e-316 3.49179e-316 3.49178e-316 3.49182e-316 3.49287e-316 3.49294e-316 3.49347e-316 3.4929e-316 3.49374e-316 3.49345e-316 3.49346e-316 3.49478e-316 3.49482e-316 3.49538e-316 3.49541e-316 3.49544e-316 3.49596e-316 3.49625e-316 3.49705e-316 3.49704e-316 3.49786e-316 3.49734e-316 3.49732e-316 3.4987e-316 3.49817e-316 3.49814e-316 3.49816e-316 3.49878e-316 3.4993e-316 3.4993e-316 3.49936e-316 3.49989e-316 3.50072e-316 3.5007e-316 3.501e-316 3.50101e-316 3.50179e-316 3.50206e-316 3.5021e-316 3.50211e-316 3.5029e-316 3.50296e-316 3.50293e-316 3.50373e-316 3.50429e-316 3.50376e-316 3.50457e-316 3.50463e-316 3.5046e-316 3.50456e-316 3.50546e-316 3.50596e-316 3.506e-316 3.50656e-316 3.50599e-316 3.50603e-316 3.50764e-316 3.50683e-316 3.50689e-316 3.50872e-316 3.50792e-316 3.50878e-316 3.50881e-316 3.50877e-316 3.5088e-316 3.51015e-316 3.50939e-316 3.50936e-316 3.51017e-316 3.51101e-316 3.51107e-316 3.51101e-316 3.51103e-316 3.51104e-316 3.51209e-316 3.51209e-316 3.51291e-316 3.51293e-316 3.51349e-316 3.51352e-316 3.51351e-316 3.51387e-316 3.51386e-316 3.51414e-316 3.51414e-316 3.51413e-316 3.5157e-316 3.51573e-316 3.51602e-316 3.5163e-316 3.51602e-316 3.51742e-316 3.51739e-316 3.51795e-316 3.5174e-316 3.51735e-316 3.51799e-316 3.51878e-316 3.518e-316 3.51881e-316 3.5191e-316 3.51911e-316 3.51939e-316 3.5207e-316 3.52068e-316 3.52076e-316 3.52128e-316 3.52128e-316 3.52134e-316 3.5219e-316 3.52189e-316 3.52192e-316 3.52269e-316 3.52271e-316 3.52277e-316 3.52354e-316 3.52356e-316 3.52359e-316 3.52465e-316 3.52438e-316 3.52572e-316 3.52571e-316 3.52574e-316 3.52573e-316 3.52629e-316 3.52633e-316 3.52636e-316 3.52637e-316 3.52695e-316 3.52749e-316 3.52747e-316 3.52754e-316 3.52751e-316 3.52916e-316 3.52972e-316 3.52914e-316 3.52977e-316 3.5298e-316 3.53033e-316 3.52974e-316 3.53033e-316 3.53039e-316 3.53091e-316 3.53099e-316 3.53096e-316 3.53095e-316 3.53154e-316 3.53157e-316 3.52856e-316 3.52858e-316 3.52859e-316 3.53259e-316 3.53259e-316 3.52862e-316 3.53474e-316 3.53478e-316 3.53481e-316 3.53534e-316 3.53541e-316 3.53538e-316 3.53593e-316 3.53675e-316 3.53597e-316 3.53677e-316 3.53677e-316 3.5368e-316 3.53417e-316 3.53423e-316 3.5342e-316 3.53907e-316 3.54028e-316 3.5391e-316 3.53908e-316 3.53909e-316 3.53968e-316 3.53964e-316 3.54027e-316 3.54023e-316 3.54024e-316 3.54102e-316 3.53822e-316 3.54103e-316 3.54104e-316 3.54111e-316 3.54212e-316 3.54214e-316 3.54218e-316 3.54345e-316 3.53734e-316 3.54461e-316 3.54349e-316 3.53737e-316 3.54352e-316 3.54452e-316 3.54453e-316 3.54456e-316 3.54457e-316 3.54615e-316 3.54618e-316 3.54611e-316 3.54726e-316 3.54676e-316 3.54729e-316 3.54735e-316 3.54674e-316 3.54865e-316 3.54868e-316 3.54861e-316 3.54944e-316 3.54945e-316 3.54951e-316 3.54948e-316 3.5506e-316 3.55007e-316 3.55061e-316 3.55169e-316  end cell-values

begin cell-values "time"
    0 0 0 2.64702e-316 0 0 0 2.64692e-316 0 0 0 1.94889e-316 1.94886e-316 2.75297e-316 2.75301e-316 2.75299e-316 0 0 0 2.75384e-316 0 0 0 2.75581e-316 0 0 0 2.75613e-316 2.75712e-316 2.75712e-316 2.75716e-316 2.75773e-316 0 0 0 2.7583e-316 0 0 0 2.76022e-316 0 0 0 2.76188e-316 2.76133e-316 2.76134e-316 2.76135e-316 2.76246e-316 2.76255e-316 2.76248e-316 2.76252e-316 2.76305e-316 2.76365e-316 2.76392e-316 2.76391e-316 2.76497e-316 2.76397e-316 2.76524e-316 2.76582e-316 2.76397e-316 2.76396e-316 2.76611e-316 2.7658e-316 2.76689e-316 2.60867e-321 5.13828e-321 2.64688e-316 1.96814e-316 1.96813e-316 1.96818e-316 1.96816e-316 1.94897e-316 2.6469e-316 2.64692e-316 2.64694e-316 1.94887e-316 1.9489e-316 1.94889e-316 1.94886e-316 2.75297e-316 2.75301e-316 2.75299e-316 2.75381e-316 2.75387e-316 2.75384e-316 2.75384e-316 2.75469e-316 2.75468e-316 2.75548e-316 2.75581e-316 2.75608e-316 2.75551e-316 2.75611e-316 2.75613e-316 2.75712e-316 2.75712e-316 2.75716e-316 2.75773e-316 2.75774e-316 2.75438e-316 2.75778e-316 2.7583e-316 2.75914e-316 2.75943e-316 2.75945e-316 2.76022e-316 2.76105e-316 2.76104e-316 2.7605e-316 2.76188e-316 2.76133e-316 2.76134e-316 2.76135e-316 2.76246e-316 2.76255e-316 2.76248e-316 2.76252e-316 2.76305e-316 2.76365e-316 2.76392e-316 2.76391e-316 2.76497e-316 2.76397e-316 2.76524e-316 2.76582e-316  end cell-values

end patch
